idx iface acct_tag_hex uid_tag_int cnt_set rx_bytes rx_packets tx_bytes tx_packets rx_tcp_bytes rx_tcp_packets rx_udp_bytes rx_udp_packets rx_other_bytes rx_other_packets tx_tcp_bytes tx_tcp_packets tx_udp_bytes tx_udp_packets tx_other_bytes tx_other_packets
2 wlan0 0x0 0 0 3708005 12836 4830630 73895 2619314 7742 1086590 5056 2101 38 1007489 15634 3637139 57134 186002 1127
3 wlan0 0x0 0 1 0 0 0 0 0 0 0 0 0 0 0 0 0 0 0 0
4 wlan0 0x0 1000 0 646813 1144 292451 2251 645605 1131 1208 13 0 0 264555 1682 17416 197 10480 372
5 wlan0 0x0 1000 1 0 0 0 0 0 0 0 0 0 0 0 0 0 0 0 0
6 wlan0 0x0 9802 0 41349 47 6742 63 41349 47 0 0 0 0 6742 63 0 0 0 0
7 wlan0 0x0 9802 1 0 0 0 0 0 0 0 0 0 0 0 0 0 0 0 0
8 wlan0 0x0 9810 0 102326 140 22579 184 102326 140 0 0 0 0 22579 184 0 0 0 0
9 wlan0 0x0 9810 1 0 0 0 0 0 0 0 0 0 0 0 0 0 0 0 0
10 wlan0 0x0 10001 0 13244 21 2330 28 13244 21 0 0 0 0 2330 28 0 0 0 0
11 wlan0 0x0 10001 1 0 0 0 0 0 0 0 0 0 0 0 0 0 0 0 0
12 wlan0 0x0 10009 0 6840 20 24392 38 6840 20 0 0 0 0 24392 38 0 0 0 0
13 wlan0 0x0 10009 1 0 0 0 0 0 0 0 0 0 0 0 0 0 0 0 0
14 wlan0 0x0 10021 0 794548 716 92652 881 794548 716 0 0 0 0 92652 881 0 0 0 0
15 wlan0 0x0 10021 1 0 0 0 0 0 0 0 0 0 0 0 0 0 0 0 0
16 wlan0 0x0 10024 0 109729 250 60110 345 109729 250 0 0 0 0 60110 345 0 0 0 0
17 wlan0 0x0 10024 1 0 0 0 0 0 0 0 0 0 0 0 0 0 0 0 0
18 wlan0 0x0 10029 0 6457 15 2419 20 6457 15 0 0 0 0 2419 20 0 0 0 0
19 wlan0 0x0 10029 1 0 0 0 0 0 0 0 0 0 0 0 0 0 0 0 0
20 wlan0 0x0 10032 0 8026 27 5304 35 8026 27 0 0 0 0 5304 35 0 0 0 0
21 wlan0 0x0 10032 1 0 0 0 0 0 0 0 0 0 0 0 0 0 0 0 0
22 wlan0 0x0 10037 0 65028 513 349320 727 65028 513 0 0 0 0 349320 727 0 0 0 0
23 wlan0 0x0 10037 1 0 0 40 1 0 0 0 0 0 0 40 1 0 0 0 0
24 wlan0 0x0 10045 0 1857863 1495 153989 1638 1857863 1495 0 0 0 0 153989 1638 0 0 0 0
25 wlan0 0x0 10045 1 0 0 0 0 0 0 0 0 0 0 0 0 0 0 0 0
26 wlan0 0x0 10048 0 5783 52 17462 92 5783 52 0 0 0 0 17462 92 0 0 0 0
27 wlan0 0x0 10048 1 0 0 0 0 0 0 0 0 0 0 0 0 0 0 0 0
28 wlan0 0x0 10056 0 90542 380 131741 584 90542 380 0 0 0 0 131741 584 0 0 0 0
29 wlan0 0x0 10056 1 0 0 0 0 0 0 0 0 0 0 0 0 0 0 0 0
30 wlan0 0x0 10057 0 71149 92 20724 128 71149 92 0 0 0 0 20724 128 0 0 0 0
31 wlan0 0x0 10057 1 0 0 0 0 0 0 0 0 0 0 0 0 0 0 0 0
32 wlan0 0x0 10058 0 11700 21 2290 29 11700 21 0 0 0 0 2290 29 0 0 0 0
33 wlan0 0x0 10058 1 0 0 0 0 0 0 0 0 0 0 0 0 0 0 0 0
34 wlan0 0x0 10069 0 3448575 7666 3726836 11627 3448575 7666 0 0 0 0 3726836 11627 0 0 0 0
35 wlan0 0x0 10069 1 0 0 0 0 0 0 0 0 0 0 0 0 0 0 0 0
36 wlan0 0x0 10084 0 17240143 13412 1283327 13834 17240143 13412 0 0 0 0 1283327 13834 0 0 0 0
37 wlan0 0x0 10084 1 0 0 0 0 0 0 0 0 0 0 0 0 0 0 0 0
38 wlan0 0x0 10092 0 38498 110 33732 158 38498 110 0 0 0 0 33732 158 0 0 0 0
39 wlan0 0x0 10092 1 0 0 0 0 0 0 0 0 0 0 0 0 0 0 0 0
40 wlan0 0x0 10094 0 335597 2786 3911913 4432 335597 2786 0 0 0 0 3911913 4432 0 0 0 0
41 wlan0 0x0 10094 1 0 0 0 0 0 0 0 0 0 0 0 0 0 0 0 0
42 wlan0 0x0 10096 0 23866 274 298235 436 23866 274 0 0 0 0 298235 436 0 0 0 0
43 wlan0 0x0 10096 1 0 0 0 0 0 0 0 0 0 0 0 0 0 0 0 0
44 wlan0 0x0 10101 0 2544 30 19680 53 2544 30 0 0 0 0 19680 53 0 0 0 0
45 wlan0 0x0 10101 1 0 0 0 0 0 0 0 0 0 0 0 0 0 0 0 0
46 wlan0 0x0 10103 0 17393 20 2787 24 17393 20 0 0 0 0 2787 24 0 0 0 0
47 wlan0 0x0 10103 1 0 0 0 0 0 0 0 0 0 0 0 0 0 0 0 0
48 wlan0 0x0 10104 0 522 7 9073 17 522 7 0 0 0 0 9073 17 0 0 0 0
49 wlan0 0x0 10104 1 0 0 0 0 0 0 0 0 0 0 0 0 0 0 0 0
50 wlan0 0x5ade250d00000000 1000 0 21932 30 5412 73 21932 30 0 0 0 0 5412 73 0 0 0 0
51 wlan0 0x5ade250d00000000 1000 1 0 0 0 0 0 0 0 0 0 0 0 0 0 0 0 0
52 wlan0 0xd7abed2700000000 1000 0 2048 7 6458 14 2048 7 0 0 0 0 6458 14 0 0 0 0
53 wlan0 0xd7abed2700000000 1000 1 0 0 0 0 0 0 0 0 0 0 0 0 0 0 0 0
54 wlan0 0xffffff0100000000 10084 0 2209814 1500 101198 1494 2209814 1500 0 0 0 0 101198 1494 0 0 0 0
55 wlan0 0xffffff0100000000 10084 1 0 0 0 0 0 0 0 0 0 0 0 0 0 0 0 0
56 wlan0 0xffffffff00000000 10037 0 17287 245 327593 364 17287 245 0 0 0 0 327593 364 0 0 0 0
57 wlan0 0xffffffff00000000 10037 1 0 0 0 0 0 0 0 0 0 0 0 0 0 0 0 0
58 wlan0 0xffffffff00000000 10057 0 299 3 1791 3 299 3 0 0 0 0 1791 3 0 0 0 0
59 wlan0 0xffffffff00000000 10057 1 0 0 0 0 0 0 0 0 0 0 0 0 0 0 0 0
60 wlan0 0xffffffff00000000 10084 0 123378 636 486527 995 123378 636 0 0 0 0 486527 995 0 0 0 0
61 wlan0 0xffffffff00000000 10084 1 0 0 0 0 0 0 0 0 0 0 0 0 0 0 0 0
62 dummy0 0x0 0 0 0 0 168 3 0 0 0 0 0 0 0 0 0 0 168 3
63 dummy0 0x0 0 1 0 0 0 0 0 0 0 0 0 0 0 0 0 0 0 0
64 lo 0x0 0 0 1484700 17137 3544892 36891 24471 402 152998 2506 1307231 14229 29404 721 93718 1366 3421770 34804
65 lo 0x0 0 1 0 0 0 0 0 0 0 0 0 0 0 0 0 0 0 0
66 lo 0x0 1000 0 2216 18 120 4 0 0 0 0 2216 18 0 0 0 0 120 4
67 lo 0x0 1000 1 0 0 0 0 0 0 0 0 0 0 0 0 0 0 0 0
68 lo 0x0 10037 0 3659 10 0 0 0 0 0 0 3659 10 0 0 0 0 0 0
69 lo 0x0 10037 1 0 0 0 0 0 0 0 0 0 0 0 0 0 0 0 0
70 lo 0x0 10045 0 88 1 0 0 0 0 0 0 88 1 0 0 0 0 0 0
71 lo 0x0 10045 1 0 0 0 0 0 0 0 0 0 0 0 0 0 0 0 0
72 lo 0x0 10056 0 576 1 0 0 0 0 0 0 576 1 0 0 0 0 0 0
73 lo 0x0 10056 1 0 0 0 0 0 0 0 0 0 0 0 0 0 0 0 0
74 lo 0x0 10069 0 72103 732 0 0 0 0 0 0 72103 732 0 0 0 0 0 0
75 lo 0x0 10069 1 0 0 0 0 0 0 0 0 0 0 0 0 0 0 0 0
76 lo 0x0 10084 0 5360 11 0 0 0 0 0 0 5360 11 0 0 0 0 0 0
77 lo 0x0 10084 1 0 0 0 0 0 0 0 0 0 0 0 0 0 0 0 0
78 lo 0x0 10094 0 116193 375 0 0 0 0 0 0 116193 375 0 0 0 0 0 0
79 lo 0x0 10094 1 0 0 0 0 0 0 0 0 0 0 0 0 0 0 0 0
80 lo 0x0 10096 0 644 2 0 0 0 0 0 0 644 2 0 0 0 0 0 0
81 lo 0x0 10096 1 0 0 0 0 0 0 0 0 0 0 0 0 0 0 0 0
82 lo 0xffffffff00000000 10037 0 3579 9 0 0 0 0 0 0 3579 9 0 0 0 0 0 0
83 lo 0xffffffff00000000 10037 1 0 0 0 0 0 0 0 0 0 0 0 0 0 0 0 0
84 lo 0xffffffff00000000 10084 0 5360 11 0 0 0 0 0 0 5360 11 0 0 0 0 0 0
85 lo 0xffffffff00000000 10084 1 0 0 0 0 0 0 0 0 0 0 0 0 0 0 0 0

